mse_loss
42.691444396972656
32.498321533203125
27.191455841064453
24.148027420043945
19.035181045532227
21.404417037963867
18.51656723022461
11.007711410522461
8.616642951965332
10.174978256225586
6.648627281188965
5.27675724029541
2.245171308517456
5.288448333740234
2.703798770904541
3.200388193130493
1.4528841972351074
3.691366672515869
3.2976858615875244
2.1211998462677
3.481112480163574
5.166625499725342
3.6461875438690186
3.7040586471557617
3.002521276473999
2.656134605407715
3.2558891773223877
2.0123238563537598
2.51712703704834
3.3247976303100586
2.4202866554260254
1.7618414163589478
2.0277414321899414
2.3553686141967773
1.695495843887329
1.136029601097107
1.600649118423462
1.8423333168029785
2.085702419281006
2.199723243713379
2.0188331604003906
2.5385308265686035
1.5245060920715332
1.054347276687622
1.780017614364624
1.4965910911560059
1.802093267440796
3.002126693725586
3.5340137481689453
2.1234302520751953
1.8142271041870117
1.3020603656768799
1.4944251775741577
1.7279804944992065
1.388734221458435
0.9229796528816223
1.4516911506652832
1.4827008247375488
1.4224321842193604
1.547806739807129
1.2982741594314575
1.3542377948760986
1.6402077674865723
1.175158977508545
1.3118950128555298
1.8416385650634766
1.6147150993347168
1.1895055770874023
0.6338701248168945
1.2650507688522339
1.1507089138031006
0.878132164478302
1.3669229745864868
1.8426878452301025
1.1075332164764404
0.8286586403846741
1.7159812450408936
1.0639724731445312
1.6930791139602661
1.121713638305664
1.087121844291687
0.8131811618804932
1.2123262882232666
0.8971766829490662
0.9757676720619202
1.4574071168899536
0.6624214053153992
1.2809715270996094
1.2579026222229004
0.9538604021072388
1.080096960067749
0.7897670865058899
1.1018731594085693
1.0789282321929932
1.1758875846862793
0.9549539089202881
1.3490301370620728
0.8313318490982056
1.1976408958435059
1.118394374847412
1.1182055473327637
0.681153416633606
0.9085397720336914
1.2007194757461548
1.0853453874588013
1.0100653171539307
1.0747257471084595
0.8642640709877014
0.9852472543716431
1.2398604154586792
0.8897676467895508
1.443481206893921
0.8999825716018677
0.5720900297164917
1.1062495708465576
1.3636099100112915
0.46273642778396606
1.2488361597061157
2.7091755867004395
1.2794439792633057
0.8497170209884644
0.9855290651321411
1.004284381866455
1.029891014099121
1.004260540008545
0.5206478238105774
1.004166841506958
1.0454521179199219
1.1584304571151733
1.169467568397522
0.8264666795730591
0.8103496432304382
0.8719915151596069
0.8507994413375854
0.6789611577987671
0.7998905777931213
0.8929905891418457
1.1107091903686523
1.6091254949569702
1.1227444410324097
0.5540616512298584
0.8513753414154053
1.2582757472991943
1.0570862293243408
1.387433648109436
0.8818074464797974
0.7561286687850952
0.8320404887199402
1.1247509717941284
1.0001466274261475
0.9312005043029785
1.0495129823684692
0.8982642889022827
1.2133561372756958
0.7963361144065857
1.1863802671432495
0.9899352788925171
1.1397991180419922
0.5853372812271118
1.2898895740509033
0.40573975443840027
0.7397404313087463
0.7772765159606934
1.0343579053878784
1.6584999561309814
0.6971068382263184
1.0465112924575806
1.2991820573806763
0.9382057785987854
1.0794652700424194
1.0348201990127563
0.9743491411209106
1.015427827835083
1.0054336786270142
0.5629462003707886
1.1395888328552246
1.0499231815338135
0.8227987885475159
0.6467252969741821
1.1419843435287476
1.045283317565918
1.0373042821884155
0.9573141932487488
1.1939795017242432
0.8749554753303528
0.6601784229278564
0.8771708011627197
1.3802952766418457
0.9142425656318665
0.6749258637428284
0.9809334874153137
1.3204450607299805
0.8365070223808289
1.3191664218902588
0.758973240852356
0.9465572834014893
1.0541704893112183
1.7314531803131104
0.7577313780784607
0.549863338470459
0.7706980109214783
1.1147749423980713
1.064591884613037
1.0219279527664185
0.9837819933891296
1.3881185054779053
0.8943300247192383
0.7675277590751648
0.8397784233093262
1.025217056274414
